mild_winter = {
	7 8 22 43 46 76 89 99 100 115 120 124 146 159 185 198 201 206 221 229 261 274 281 286 299 300 307 309 311 328 343 365 405 420 445 461 480 484 489 493 496 499 502 505 508 512 538 563 566 579 581 591 637 645 654 659 662 664 676 680 686 703 707 710 735 736 739 743
}

normal_winter = {
	1 6 10 11 14 15 16 17 18 27 28 29 42 48 50 69 70 71 79 80 83 86 87 92 96 98 101 102 103 105 111 113 114 127 153 155 170 182 183 184 188 194 205 209 219 220 223 231 237 240 245 252 254 257 266 271 272 275 279 283 284 287 290 292 297 303 305 306 322 330 331 337 345 346 353 354 355 358 370 384 386 387 397 398 400 411 419 424 427 429 439 447 448 451 452 455 460 462 470 471 472 473 475 476 477 497 498 519 520 525 527 530 531 532 533 534 535 536 549 568 571 573 578 590 595 596 615 621 627 631 633 643 647 648 650 651 652 653 657 665 670 673 678 681 690 691 705 708 709 712 721 724 725 729 731 746 747
}

severe_winter = {
	95 197 267 317 364 388 410 422 426 442 443 456 474 503 504 646 713 732
}